1 1
0 -2
10
26 2 3 1 2 3 2 2 4 4 1 4 2 2 2 4 3 1 3 4 1 1 3 4 2 2 1
29 4 4 2 2 1 4 2 3 2 3 4 2 3 4 1 4 1 2 3 4 2 2 3 2 2 1 1 3 2
22 4 1 1 1 3 1 1 4 3 2 3 3 3 1 2 4 4 3 1 3 2 3
21 4 4 1 1 1 3 2 1 3 3 1 3 1 2 3 4 4 1 2 2 3
27 4 2 2 2 3 4 3 1 3 2 4 3 2 4 1 4 1 3 2 1 2 2 2 4 1 2 4
22 3 3 4 2 4 1 3 2 4 1 2 2 3 2 4 4 1 1 3 1 3 4
29 4 1 3 4 2 4 3 4 3 1 3 4 1 4 3 2 3 3 4 1 1 1 4 1 1 4 3 2 3
24 3 2 3 1 1 4 1 4 3 3 4 2 2 4 1 4 2 3 3 1 3 3 1 3
24 1 2 2 2 4 4 4 2 2 1 2 2 1 1 4 3 1 1 4 4 1 4 1 4
21 1 2 4 1 4 3 2 2 4 3 1 3 3 2 4 3 4 1 3 4 1